480
51 -407
-99 -731
726 -796
-442 -110
552 -894
-930 -362
-618 -501
517 -392
-408 942
345 -326
-737 -630
233 581
-27 578
570 964
125 -690
231 4
-843 993
-806 474
205 -591
-329 849
408 551
-934 -621
492 -353
-384 -880
492 738
307 -521
-73 -199
691 384
640 637
846 -51
87 580
-549 180
340 415
-903 -329
134 342
278 -339
-745 -28
-824 -424
823 290
232 817
914 -402
810 908
955 -740
-443 315
-526 981
-14 658
459 -466
632 -381
-54 -370
405 -249
184 -177
-696 430
324 350
560 -819
-763 230
-877 -682
145 590
-295 -327
709 -806
-15 -949
-333 824
996 -490
-47 -461
24 742
881 -400
-712 -800
571 73
72 121
520 156
20 703
240 -479
56 -803
273 -735
-353 75
-281 -796
393 177
-397 -232
559 -938
509 -828
-885 552
-870 -667
73 -704
-199 853
-508 796
-557 470
-934 -891
639 492
-352 -892
770 260
192 -527
230 494
-104 -340
135 420
-160 -706
-653 -447
-991 945
148 482
-654 528
589 -261
798 688
-811 700
181 511
-423 -573
-501 278
-956 -597
868 -675
268 300
-597 864
346 -220
-333 -650
365 -814
-503 -211
-995 -6
-937 -688
108 -122
-277 -412
-42 566
953 -147
208 -179
319 -208
72 -403
125 -199
723 535
702 556
-982 849
-768 -10
455 42
964 253
-308 317
-857 57
276 -178
969 736
91 13
-898 696
-458 -613
-311 -242
-669 -645
-252 -324
772 -61
101 608
-843 370
-232 643
346 -930
766 823
133 -577
-895 -282
-229 23
515 -276
485 -296
-745 973
790 -331
-59 860
988 675
-992 -193
742 -200
90 60
-346 999
-413 -20
542 54
-454 -362
-600 329
-217 235
720 -865
-634 497
-64 55
-605 106
-667 -637
534 391
347 765
-402 334
-345 352
-115 105
58 568
-616 997
4 447
419 388
-989 270
73 332
-115 62
966 -318
821 -547
438 911
705 219
85 546
988 -500
-920 -356
-374 531
-10 -550
163 526
-760 -47
-235 -987
205 -271
426 175
862 677
-705 -592
-767 -435
-899 -178
893 -821
-369 150
914 189
462 614
-908 785
-308 -675
686 819
693 -472
-149 -561
427 -172
-740 835
729 971
601 687
623 46
910 -1000
522 -974
696 347
-273 -117
-139 -496
241 229
-573 -767
939 -567
-975 -489
369 86
935 -475
-852 -881
264 678
-25 -973
-920 -697
855 400
-649 -14
-66 -575
193 -921
651 -192
-963 100
-182 -849
-203 -293
979 840
-325 983
222 -736
191 -645
703 611
-474 626
594 -338
-373 -660
535 246
858 323
524 -235
880 591
-582 64
735 -176
220 -56
-543 276
-756 -44
265 108
-204 335
836 847
482 8
377 814
332 148
823 142
-954 793
-25 -930
-270 -364
-99 254
67 36
-425 588
-979 -356
415 -707
215 -349
10 59
579 250
-406 634
-383 -802
-133 -762
-520 -794
-519 -97
-477 -168
-556 216
-530 985
116 -724
-952 564
383 280
627 -868
261 -962
-915 538
392 873
68 161
-589 -13
678 640
287 -607
285 -588
-395 -860
89 811
173 -414
-448 -970
-42 -668
471 720
-580 -117
21 560
-673 569
568 243
-555 744
-470 668
922 840
557 19
-998 172
675 -226
701 -615
-231 851
-283 909
-246 111
837 131
-703 -424
365 -810
400 -321
89 672
-735 785
-332 -479
-201 220
323 588
-526 817
-274 -57
-355 717
69 -931
-350 494
606 932
-302 281
613 11
649 749
-708 919
548 118
103 -264
126 -795
170 502
829 -648
867 -111
-776 300
811 -86
-67 -524
281 -527
119 -334
-551 868
607 271
635 -354
156 -150
423 693
473 -71
-922 -256
-535 -825
-133 -157
-771 168
-703 -883
-347 579
849 627
-709 -423
-971 -203
-56 -346
837 947
769 721
-246 595
-455 931
785 -690
496 -148
602 872
-442 43
-670 333
-362 -612
136 -528
664 151
85 201
-96 110
-153 679
763 -891
-104 -555
317 888
174 -11
397 13
-839 160
319 -6
888 24
637 -698
307 605
250 661
-87 516
230 -662
-526 -247
-589 -130
230 -524
-759 -408
608 923
-321 411
532 -268
-211 -3
323 662
801 -843
-67 473
-602 -492
262 165
3 681
859 705
-237 610
-100 -517
-467 874
-447 920
-181 24
222 -436
-311 -81
814 -180
747 -821
355 -677
643 -781
-115 -594
-128 676
598 54
574 355
373 -798
725 -874
816 916
-161 -190
-974 205
-547 950
-200 324
663 541
134 -646
236 539
-370 -531
-934 324
624 -147
927 183
-996 231
-994 512
-931 187
351 951
-601 -731
-418 -238
826 -331
227 -543
649 -973
-831 276
-220 -943
526 77
-485 -706
379 822
-266 45
560 30
-519 -967
-447 -138
687 345
-921 719
-463 98
131 -563
867 -96
-508 -13
-358 -614
-961 -464
-182 -273
-81 -276
-901 -529
-65 -13
-402 -510
737 -154
614 225
-501 -527
480 358
-93 212
98 -305
350 -324
881 990
-991 951
432 -631
44 -128
518 914
-286 823
739 713
-465 -248
471 -456
20 -802
-348 -810
-573 665
-695 -468
-139 5
-514 -489